4245401761 2352458099 28057201
2099789767 3998256334 14950546
3446056574 2749719529 135349925
890092371 1379309857 42097049
953714890 896502554 10335567
3115342240 2380515300 218129381
3333471621 3885671381 112584953
663999152 0 226093219
1873325002 727305635 169196919
2042521921 1328150912 51158945
3581406499 4034715214 260252082
500989478 564295961 163009674
4273458962 4013206880 21508334
3992733429 2099789767 164092891
4156826320 2263882658 88575441
3841658581 2598644681 151074848
1094703999 226093219 21270249
1708571521 399542480 164753481
964050457 247363468 130653542
1236290130 1421406906 171284482
0 1592691388 500989478
932189420 378017010 21525470
2114740313 2885069454 1000601927
1115974248 1207835030 120315882
1407574612 906838121 300996909
