3217858280 3761663130 355893932
2319366035 2401839275 72374872
1962726423 909927230 105011330
2115307878 441322644 204058157
2095064202 1824085445 20243676
110580631 329763915 34129824
2573484127 2701101998 225220022
1780224111 2342656863 59182412
1717605398 1571533532 62618713
3589165621 3062909078 75538793
842280446 1871096488 471560375
409726333 0 243114563
397401582 760576019 12324751
0 667815878 92760141
3990305711 2926322020 5981819
251664023 1741105813 32320840
2072629125 645380801 22435077
92760141 363893739 17820490
2798704149 3138447871 156185660
3664704414 2573484127 127617871
1839406523 381714229 59608415
283984863 1844329121 26767367
1313840821 1176023584 27579684
2391740907 1790738543 33346902
3929650615 4234312200 60655096
3996287530 3557602002 204061128
1402088224 772900770 137026460
1911435456 2474214147 51290967
1539114684 1393042818 178490714
3573752212 4117557062 15413409
1341420505 1014938560 60667719
3792322285 4132970471 6723091
4200348658 4139693562 80082634
652840896 1203603268 189439550
310752230 243114563 86649352
2425087809 1075606279 100417305
1899014938 1773426653 12420518
2067737753 1785847171 4891372
3799045376 2932303839 130605239
2954889809 3294633531 262968471
4280431292 4219776196 14536004
144710455 1634152245 106953568
