2906633798 3843376160 451591136
1332454428 1190958320 69004583
1837712164 0 353313230
494809338 353313230 376619264
871428602 729932494 461025826
1401459011 1754772241 373416033
3976747173 3375456648 91164221
3495346659 3466620869 376755291
0 1259962903 494809338
2608238358 2459541635 298395440
3907558614 2984992977 69188559
3872101950 2286963246 35456664
4067911394 2757937075 227055902
3358224934 2322419910 137121725
2286963246 3054181536 321275112
1774875044 2128188274 62837120
