1615836342 1401909974 23067952
785532007 269485885 88937774
3019002892 2773729385 10470414
4202163101 2747292152 26437233
3183210415 4217634159 77333137
2847460091 3211730218 136699600
2455891790 3791729773 70553041
3260543552 2581343101 165949051
3840286095 2849853212 361877006
4228600334 2361239030 66366962
1594559581 1077839137 21276761
380069408 165017790 44262617
3598718222 1894384162 241567873
0 1424977926 190757551
1894384162 2810496375 39356837
424332025 606264721 196539291
3521487829 2221977524 77230393
742681934 69797365 36566707
1638904294 1615735477 139190145
1335949488 0 69797365
779248641 802804012 6283366
2638766896 4008940964 208693195
250963029 1142644585 70452661
1933740999 3470280789 321448984
190757551 209280407 60205478
1778094439 1099115898 43528687
2255189983 3348429818 121850971
1000500225 809087378 268751759
1269251984 1754925622 66697504
874469781 358423659 126030444
2526444831 2135952035 86025489
2439072067 3992121241 16819723
3426492603 3897126015 94995226
1405746853 1213097246 188812728
321415690 106364072 58653718
2984159691 3862282814 34843201
2377040954 2299207917 62031113
3029473306 2427605992 153737109
2612470320 2784199799 26296576
620871316 484454103 121810618
