1071107509 759231097 26724064
1293599454 642189614 64567949
3147690498 1633749175 71376364
3487999223 4080968704 155844998
1700873635 2097781236 292450760
1146121952 1950303734 147477502
2864027062 1470573702 75076585
2507471274 3021419800 175807670
2939103647 922829268 123372939
2826742681 2551285626 37284381
719212681 1821763210 100196810
4236813702 4292227071 2740225
3643844221 3837685117 243283587
209103905 785955161 52302440
100332146 752700417 6530680
1478192138 3229160565 10342236
1358167403 3239502801 94242072
3219066862 706757563 45942854
3062476586 1358475140 29661777
819409491 2390231996 26561329
4195136152 3511184798 41677550
1488534374 1046202207 35444248
3887127808 3552862348 284822769
2188804057 1705125539 116637671
0 309410320 100332146
1117778238 1921960020 28343714
261406345 3333744873 74978759
2100705169 1545650287 88098888
3450098653 3473284228 37900570
2742067948 1273800407 84674733
2305441728 107380774 202029546
3265009716 1130086491 143713916
1993324395 0 107380774
1523978622 465294601 176895013
106862826 2588570007 102241079
2683278944 864040264 58789004
4239553927 4236813702 55413369
1097831573 1081646455 19946665
524293914 1101593120 28493371
336385104 2833510990 187908810
552787285 3197227470 31933095
845970820 2690811086 142699904
988670724 1388136917 82436785
1452409475 838257601 25782663
3092138363 409742466 55552135
584720380 2416793325 134492301
4171950577 3450098653 23185575
